{
 "cells": [
  {
   "cell_type": "code",
   "execution_count": 1,
   "id": "9f280dd3",
   "metadata": {},
   "outputs": [],
   "source": [
    "import sys\n",
    "import os\n",
    "sys.path.append('..')\n",
    "import numpy as np\n",
    "import pandas as pd\n",
    "from models import sir\n",
    "from config import get_project_root"
   ]
  },
  {
   "cell_type": "code",
   "execution_count": 2,
   "id": "0bcfc515",
   "metadata": {},
   "outputs": [],
   "source": [
    "DATA_FOLDER = f'{get_project_root()}/data'\n",
    "INFECTADOS_PATH = f'{DATA_FOLDER}/preprocessed/infectados.csv'\n",
    "HABITANTES_PATH = f'{DATA_FOLDER}/preprocessed/habitantes.csv'\n",
    "VACUNADOS_PATH = f'{DATA_FOLDER}/preprocessed/vacunados.csv'\n",
    "YEARS = [2018, 2019, 2020, 2021, 2022]\n",
    "MONTHS = ['ENE', 'FEB', 'MAR', 'ABR', 'MAY', 'JUN', 'JUL', 'AGOS', 'SEP', 'OCT', 'NOV', 'DIC']\n"
   ]
  },
  {
   "cell_type": "code",
   "execution_count": 3,
   "id": "9b58ccf0",
   "metadata": {},
   "outputs": [
    {
     "data": {
      "text/plain": [
       "11101945"
      ]
     },
     "execution_count": 3,
     "metadata": {},
     "output_type": "execute_result"
    }
   ],
   "source": [
    "habitantes_curve = pd.read_csv(HABITANTES_PATH).set_index('ANO')\n",
    "for month in MONTHS:\n",
    "    habitantes_curve[month] = habitantes_curve['JUL']\n",
    "max_habs = habitantes_curve.max().max()\n",
    "max_habs"
   ]
  },
  {
   "cell_type": "code",
   "execution_count": 4,
   "id": "261f888d",
   "metadata": {},
   "outputs": [],
   "source": [
    "def extract_curve(path=None, df=None):\n",
    "    if df is None:\n",
    "        df = pd.read_csv(path).set_index('ANO')\n",
    "    df = df[df.columns[:12]].T\n",
    "    values = []\n",
    "    for year in YEARS:\n",
    "        values.extend(df[year].tolist())\n",
    "    return pd.Series(values)\n",
    "\n",
    "infectuous_curve = extract_curve(path=INFECTADOS_PATH)  \n",
    "vacunados_curve = extract_curve(path=VACUNADOS_PATH)\n",
    "recovered_curve = pd.Series([0]*len(infectuous_curve))"
   ]
  },
  {
   "cell_type": "code",
   "execution_count": 5,
   "id": "f5c8c6cb",
   "metadata": {},
   "outputs": [],
   "source": [
    "for ix, val in enumerate(infectuous_curve):\n",
    "    recovered_curve[ix+1] = val"
   ]
  },
  {
   "cell_type": "code",
   "execution_count": 6,
   "id": "3848039b",
   "metadata": {},
   "outputs": [],
   "source": [
    "susceptible_curve = max_habs - infectuous_curve - vacunados_curve - recovered_curve\n",
    "\n"
   ]
  },
  {
   "cell_type": "code",
   "execution_count": 7,
   "id": "d48a54c8",
   "metadata": {},
   "outputs": [
    {
     "data": {
      "text/plain": [
       "0     11054236.0\n",
       "1     10844358.0\n",
       "2     10324071.0\n",
       "3     11049769.0\n",
       "4     11035991.0\n",
       "         ...    \n",
       "56    11101945.0\n",
       "57    11101945.0\n",
       "58    11101945.0\n",
       "59    11101945.0\n",
       "60           NaN\n",
       "Length: 61, dtype: float64"
      ]
     },
     "execution_count": 7,
     "metadata": {},
     "output_type": "execute_result"
    }
   ],
   "source": [
    "susceptible_curve"
   ]
  },
  {
   "cell_type": "code",
   "execution_count": 8,
   "id": "b781eec1",
   "metadata": {},
   "outputs": [
    {
     "data": {
      "text/html": [
       "<div>\n",
       "<style scoped>\n",
       "    .dataframe tbody tr th:only-of-type {\n",
       "        vertical-align: middle;\n",
       "    }\n",
       "\n",
       "    .dataframe tbody tr th {\n",
       "        vertical-align: top;\n",
       "    }\n",
       "\n",
       "    .dataframe thead th {\n",
       "        text-align: right;\n",
       "    }\n",
       "</style>\n",
       "<table border=\"1\" class=\"dataframe\">\n",
       "  <thead>\n",
       "    <tr style=\"text-align: right;\">\n",
       "      <th></th>\n",
       "      <th>0</th>\n",
       "      <th>1</th>\n",
       "      <th>2</th>\n",
       "      <th>3</th>\n",
       "    </tr>\n",
       "  </thead>\n",
       "  <tbody>\n",
       "    <tr>\n",
       "      <th>0</th>\n",
       "      <td>11054236.0</td>\n",
       "      <td>0.0</td>\n",
       "      <td>0.0</td>\n",
       "      <td>47709.0</td>\n",
       "    </tr>\n",
       "    <tr>\n",
       "      <th>1</th>\n",
       "      <td>10844358.0</td>\n",
       "      <td>0.0</td>\n",
       "      <td>0.0</td>\n",
       "      <td>257587.0</td>\n",
       "    </tr>\n",
       "    <tr>\n",
       "      <th>2</th>\n",
       "      <td>10324071.0</td>\n",
       "      <td>0.0</td>\n",
       "      <td>0.0</td>\n",
       "      <td>777874.0</td>\n",
       "    </tr>\n",
       "    <tr>\n",
       "      <th>3</th>\n",
       "      <td>11049769.0</td>\n",
       "      <td>0.0</td>\n",
       "      <td>0.0</td>\n",
       "      <td>52176.0</td>\n",
       "    </tr>\n",
       "    <tr>\n",
       "      <th>4</th>\n",
       "      <td>11035991.0</td>\n",
       "      <td>12.0</td>\n",
       "      <td>0.0</td>\n",
       "      <td>65942.0</td>\n",
       "    </tr>\n",
       "    <tr>\n",
       "      <th>5</th>\n",
       "      <td>11056825.0</td>\n",
       "      <td>0.0</td>\n",
       "      <td>12.0</td>\n",
       "      <td>45108.0</td>\n",
       "    </tr>\n",
       "    <tr>\n",
       "      <th>6</th>\n",
       "      <td>11057401.0</td>\n",
       "      <td>0.0</td>\n",
       "      <td>0.0</td>\n",
       "      <td>44544.0</td>\n",
       "    </tr>\n",
       "    <tr>\n",
       "      <th>7</th>\n",
       "      <td>11043367.0</td>\n",
       "      <td>4.0</td>\n",
       "      <td>0.0</td>\n",
       "      <td>58574.0</td>\n",
       "    </tr>\n",
       "    <tr>\n",
       "      <th>8</th>\n",
       "      <td>11025385.0</td>\n",
       "      <td>1.0</td>\n",
       "      <td>4.0</td>\n",
       "      <td>76555.0</td>\n",
       "    </tr>\n",
       "    <tr>\n",
       "      <th>9</th>\n",
       "      <td>11032760.0</td>\n",
       "      <td>2.0</td>\n",
       "      <td>1.0</td>\n",
       "      <td>69182.0</td>\n",
       "    </tr>\n",
       "    <tr>\n",
       "      <th>10</th>\n",
       "      <td>11046596.0</td>\n",
       "      <td>0.0</td>\n",
       "      <td>2.0</td>\n",
       "      <td>55347.0</td>\n",
       "    </tr>\n",
       "    <tr>\n",
       "      <th>11</th>\n",
       "      <td>11054503.0</td>\n",
       "      <td>0.0</td>\n",
       "      <td>0.0</td>\n",
       "      <td>47442.0</td>\n",
       "    </tr>\n",
       "    <tr>\n",
       "      <th>12</th>\n",
       "      <td>11050633.0</td>\n",
       "      <td>0.0</td>\n",
       "      <td>0.0</td>\n",
       "      <td>51312.0</td>\n",
       "    </tr>\n",
       "    <tr>\n",
       "      <th>13</th>\n",
       "      <td>11036913.0</td>\n",
       "      <td>0.0</td>\n",
       "      <td>0.0</td>\n",
       "      <td>65032.0</td>\n",
       "    </tr>\n",
       "    <tr>\n",
       "      <th>14</th>\n",
       "      <td>11035787.0</td>\n",
       "      <td>0.0</td>\n",
       "      <td>0.0</td>\n",
       "      <td>66158.0</td>\n",
       "    </tr>\n",
       "    <tr>\n",
       "      <th>15</th>\n",
       "      <td>11043010.0</td>\n",
       "      <td>125.0</td>\n",
       "      <td>0.0</td>\n",
       "      <td>58810.0</td>\n",
       "    </tr>\n",
       "    <tr>\n",
       "      <th>16</th>\n",
       "      <td>11041867.0</td>\n",
       "      <td>125.0</td>\n",
       "      <td>125.0</td>\n",
       "      <td>59828.0</td>\n",
       "    </tr>\n",
       "    <tr>\n",
       "      <th>17</th>\n",
       "      <td>11055345.0</td>\n",
       "      <td>0.0</td>\n",
       "      <td>125.0</td>\n",
       "      <td>46475.0</td>\n",
       "    </tr>\n",
       "    <tr>\n",
       "      <th>18</th>\n",
       "      <td>11050643.0</td>\n",
       "      <td>0.0</td>\n",
       "      <td>0.0</td>\n",
       "      <td>51302.0</td>\n",
       "    </tr>\n",
       "    <tr>\n",
       "      <th>19</th>\n",
       "      <td>11049096.0</td>\n",
       "      <td>0.0</td>\n",
       "      <td>0.0</td>\n",
       "      <td>52849.0</td>\n",
       "    </tr>\n",
       "    <tr>\n",
       "      <th>20</th>\n",
       "      <td>11028616.0</td>\n",
       "      <td>26.0</td>\n",
       "      <td>0.0</td>\n",
       "      <td>73303.0</td>\n",
       "    </tr>\n",
       "    <tr>\n",
       "      <th>21</th>\n",
       "      <td>10957994.0</td>\n",
       "      <td>23.0</td>\n",
       "      <td>26.0</td>\n",
       "      <td>143902.0</td>\n",
       "    </tr>\n",
       "    <tr>\n",
       "      <th>22</th>\n",
       "      <td>11003317.0</td>\n",
       "      <td>37.0</td>\n",
       "      <td>23.0</td>\n",
       "      <td>98568.0</td>\n",
       "    </tr>\n",
       "    <tr>\n",
       "      <th>23</th>\n",
       "      <td>11021724.0</td>\n",
       "      <td>31.0</td>\n",
       "      <td>37.0</td>\n",
       "      <td>80153.0</td>\n",
       "    </tr>\n",
       "    <tr>\n",
       "      <th>24</th>\n",
       "      <td>11087447.0</td>\n",
       "      <td>47.0</td>\n",
       "      <td>31.0</td>\n",
       "      <td>14420.0</td>\n",
       "    </tr>\n",
       "    <tr>\n",
       "      <th>25</th>\n",
       "      <td>11089533.0</td>\n",
       "      <td>22.0</td>\n",
       "      <td>47.0</td>\n",
       "      <td>12343.0</td>\n",
       "    </tr>\n",
       "    <tr>\n",
       "      <th>26</th>\n",
       "      <td>11089778.0</td>\n",
       "      <td>7.0</td>\n",
       "      <td>22.0</td>\n",
       "      <td>12138.0</td>\n",
       "    </tr>\n",
       "    <tr>\n",
       "      <th>27</th>\n",
       "      <td>11089321.0</td>\n",
       "      <td>0.0</td>\n",
       "      <td>7.0</td>\n",
       "      <td>12617.0</td>\n",
       "    </tr>\n",
       "    <tr>\n",
       "      <th>28</th>\n",
       "      <td>11089446.0</td>\n",
       "      <td>1.0</td>\n",
       "      <td>0.0</td>\n",
       "      <td>12498.0</td>\n",
       "    </tr>\n",
       "    <tr>\n",
       "      <th>29</th>\n",
       "      <td>11090253.0</td>\n",
       "      <td>0.0</td>\n",
       "      <td>1.0</td>\n",
       "      <td>11691.0</td>\n",
       "    </tr>\n",
       "    <tr>\n",
       "      <th>30</th>\n",
       "      <td>11092002.0</td>\n",
       "      <td>0.0</td>\n",
       "      <td>0.0</td>\n",
       "      <td>9943.0</td>\n",
       "    </tr>\n",
       "    <tr>\n",
       "      <th>31</th>\n",
       "      <td>11096248.0</td>\n",
       "      <td>0.0</td>\n",
       "      <td>0.0</td>\n",
       "      <td>5697.0</td>\n",
       "    </tr>\n",
       "    <tr>\n",
       "      <th>32</th>\n",
       "      <td>11101523.0</td>\n",
       "      <td>0.0</td>\n",
       "      <td>0.0</td>\n",
       "      <td>422.0</td>\n",
       "    </tr>\n",
       "    <tr>\n",
       "      <th>33</th>\n",
       "      <td>11101936.0</td>\n",
       "      <td>0.0</td>\n",
       "      <td>0.0</td>\n",
       "      <td>9.0</td>\n",
       "    </tr>\n",
       "    <tr>\n",
       "      <th>34</th>\n",
       "      <td>11101937.0</td>\n",
       "      <td>0.0</td>\n",
       "      <td>0.0</td>\n",
       "      <td>8.0</td>\n",
       "    </tr>\n",
       "    <tr>\n",
       "      <th>35</th>\n",
       "      <td>11101940.0</td>\n",
       "      <td>0.0</td>\n",
       "      <td>0.0</td>\n",
       "      <td>5.0</td>\n",
       "    </tr>\n",
       "    <tr>\n",
       "      <th>36</th>\n",
       "      <td>11101943.0</td>\n",
       "      <td>0.0</td>\n",
       "      <td>0.0</td>\n",
       "      <td>2.0</td>\n",
       "    </tr>\n",
       "    <tr>\n",
       "      <th>37</th>\n",
       "      <td>11101940.0</td>\n",
       "      <td>0.0</td>\n",
       "      <td>0.0</td>\n",
       "      <td>5.0</td>\n",
       "    </tr>\n",
       "    <tr>\n",
       "      <th>38</th>\n",
       "      <td>11101943.0</td>\n",
       "      <td>0.0</td>\n",
       "      <td>0.0</td>\n",
       "      <td>2.0</td>\n",
       "    </tr>\n",
       "    <tr>\n",
       "      <th>39</th>\n",
       "      <td>11101937.0</td>\n",
       "      <td>0.0</td>\n",
       "      <td>0.0</td>\n",
       "      <td>8.0</td>\n",
       "    </tr>\n",
       "    <tr>\n",
       "      <th>40</th>\n",
       "      <td>11101944.0</td>\n",
       "      <td>0.0</td>\n",
       "      <td>0.0</td>\n",
       "      <td>1.0</td>\n",
       "    </tr>\n",
       "    <tr>\n",
       "      <th>41</th>\n",
       "      <td>11101941.0</td>\n",
       "      <td>0.0</td>\n",
       "      <td>0.0</td>\n",
       "      <td>4.0</td>\n",
       "    </tr>\n",
       "    <tr>\n",
       "      <th>42</th>\n",
       "      <td>11101944.0</td>\n",
       "      <td>0.0</td>\n",
       "      <td>0.0</td>\n",
       "      <td>1.0</td>\n",
       "    </tr>\n",
       "    <tr>\n",
       "      <th>43</th>\n",
       "      <td>11101939.0</td>\n",
       "      <td>0.0</td>\n",
       "      <td>0.0</td>\n",
       "      <td>6.0</td>\n",
       "    </tr>\n",
       "    <tr>\n",
       "      <th>44</th>\n",
       "      <td>11050891.0</td>\n",
       "      <td>0.0</td>\n",
       "      <td>0.0</td>\n",
       "      <td>51054.0</td>\n",
       "    </tr>\n",
       "    <tr>\n",
       "      <th>45</th>\n",
       "      <td>11044124.0</td>\n",
       "      <td>0.0</td>\n",
       "      <td>0.0</td>\n",
       "      <td>57821.0</td>\n",
       "    </tr>\n",
       "    <tr>\n",
       "      <th>46</th>\n",
       "      <td>11025073.0</td>\n",
       "      <td>0.0</td>\n",
       "      <td>0.0</td>\n",
       "      <td>76872.0</td>\n",
       "    </tr>\n",
       "    <tr>\n",
       "      <th>47</th>\n",
       "      <td>11058013.0</td>\n",
       "      <td>0.0</td>\n",
       "      <td>0.0</td>\n",
       "      <td>43932.0</td>\n",
       "    </tr>\n",
       "    <tr>\n",
       "      <th>48</th>\n",
       "      <td>11056420.0</td>\n",
       "      <td>1.0</td>\n",
       "      <td>0.0</td>\n",
       "      <td>45524.0</td>\n",
       "    </tr>\n",
       "    <tr>\n",
       "      <th>49</th>\n",
       "      <td>11015219.0</td>\n",
       "      <td>0.0</td>\n",
       "      <td>1.0</td>\n",
       "      <td>86725.0</td>\n",
       "    </tr>\n",
       "    <tr>\n",
       "      <th>50</th>\n",
       "      <td>11021828.0</td>\n",
       "      <td>1.0</td>\n",
       "      <td>0.0</td>\n",
       "      <td>80116.0</td>\n",
       "    </tr>\n",
       "    <tr>\n",
       "      <th>51</th>\n",
       "      <td>11024319.0</td>\n",
       "      <td>0.0</td>\n",
       "      <td>1.0</td>\n",
       "      <td>77625.0</td>\n",
       "    </tr>\n",
       "    <tr>\n",
       "      <th>52</th>\n",
       "      <td>11029609.0</td>\n",
       "      <td>0.0</td>\n",
       "      <td>0.0</td>\n",
       "      <td>72336.0</td>\n",
       "    </tr>\n",
       "    <tr>\n",
       "      <th>53</th>\n",
       "      <td>11032366.0</td>\n",
       "      <td>0.0</td>\n",
       "      <td>0.0</td>\n",
       "      <td>69579.0</td>\n",
       "    </tr>\n",
       "    <tr>\n",
       "      <th>54</th>\n",
       "      <td>11101945.0</td>\n",
       "      <td>0.0</td>\n",
       "      <td>0.0</td>\n",
       "      <td>0.0</td>\n",
       "    </tr>\n",
       "    <tr>\n",
       "      <th>55</th>\n",
       "      <td>11101945.0</td>\n",
       "      <td>0.0</td>\n",
       "      <td>0.0</td>\n",
       "      <td>0.0</td>\n",
       "    </tr>\n",
       "    <tr>\n",
       "      <th>56</th>\n",
       "      <td>11101945.0</td>\n",
       "      <td>0.0</td>\n",
       "      <td>0.0</td>\n",
       "      <td>0.0</td>\n",
       "    </tr>\n",
       "    <tr>\n",
       "      <th>57</th>\n",
       "      <td>11101945.0</td>\n",
       "      <td>0.0</td>\n",
       "      <td>0.0</td>\n",
       "      <td>0.0</td>\n",
       "    </tr>\n",
       "    <tr>\n",
       "      <th>58</th>\n",
       "      <td>11101945.0</td>\n",
       "      <td>0.0</td>\n",
       "      <td>0.0</td>\n",
       "      <td>0.0</td>\n",
       "    </tr>\n",
       "  </tbody>\n",
       "</table>\n",
       "</div>"
      ],
      "text/plain": [
       "             0      1      2         3\n",
       "0   11054236.0    0.0    0.0   47709.0\n",
       "1   10844358.0    0.0    0.0  257587.0\n",
       "2   10324071.0    0.0    0.0  777874.0\n",
       "3   11049769.0    0.0    0.0   52176.0\n",
       "4   11035991.0   12.0    0.0   65942.0\n",
       "5   11056825.0    0.0   12.0   45108.0\n",
       "6   11057401.0    0.0    0.0   44544.0\n",
       "7   11043367.0    4.0    0.0   58574.0\n",
       "8   11025385.0    1.0    4.0   76555.0\n",
       "9   11032760.0    2.0    1.0   69182.0\n",
       "10  11046596.0    0.0    2.0   55347.0\n",
       "11  11054503.0    0.0    0.0   47442.0\n",
       "12  11050633.0    0.0    0.0   51312.0\n",
       "13  11036913.0    0.0    0.0   65032.0\n",
       "14  11035787.0    0.0    0.0   66158.0\n",
       "15  11043010.0  125.0    0.0   58810.0\n",
       "16  11041867.0  125.0  125.0   59828.0\n",
       "17  11055345.0    0.0  125.0   46475.0\n",
       "18  11050643.0    0.0    0.0   51302.0\n",
       "19  11049096.0    0.0    0.0   52849.0\n",
       "20  11028616.0   26.0    0.0   73303.0\n",
       "21  10957994.0   23.0   26.0  143902.0\n",
       "22  11003317.0   37.0   23.0   98568.0\n",
       "23  11021724.0   31.0   37.0   80153.0\n",
       "24  11087447.0   47.0   31.0   14420.0\n",
       "25  11089533.0   22.0   47.0   12343.0\n",
       "26  11089778.0    7.0   22.0   12138.0\n",
       "27  11089321.0    0.0    7.0   12617.0\n",
       "28  11089446.0    1.0    0.0   12498.0\n",
       "29  11090253.0    0.0    1.0   11691.0\n",
       "30  11092002.0    0.0    0.0    9943.0\n",
       "31  11096248.0    0.0    0.0    5697.0\n",
       "32  11101523.0    0.0    0.0     422.0\n",
       "33  11101936.0    0.0    0.0       9.0\n",
       "34  11101937.0    0.0    0.0       8.0\n",
       "35  11101940.0    0.0    0.0       5.0\n",
       "36  11101943.0    0.0    0.0       2.0\n",
       "37  11101940.0    0.0    0.0       5.0\n",
       "38  11101943.0    0.0    0.0       2.0\n",
       "39  11101937.0    0.0    0.0       8.0\n",
       "40  11101944.0    0.0    0.0       1.0\n",
       "41  11101941.0    0.0    0.0       4.0\n",
       "42  11101944.0    0.0    0.0       1.0\n",
       "43  11101939.0    0.0    0.0       6.0\n",
       "44  11050891.0    0.0    0.0   51054.0\n",
       "45  11044124.0    0.0    0.0   57821.0\n",
       "46  11025073.0    0.0    0.0   76872.0\n",
       "47  11058013.0    0.0    0.0   43932.0\n",
       "48  11056420.0    1.0    0.0   45524.0\n",
       "49  11015219.0    0.0    1.0   86725.0\n",
       "50  11021828.0    1.0    0.0   80116.0\n",
       "51  11024319.0    0.0    1.0   77625.0\n",
       "52  11029609.0    0.0    0.0   72336.0\n",
       "53  11032366.0    0.0    0.0   69579.0\n",
       "54  11101945.0    0.0    0.0       0.0\n",
       "55  11101945.0    0.0    0.0       0.0\n",
       "56  11101945.0    0.0    0.0       0.0\n",
       "57  11101945.0    0.0    0.0       0.0\n",
       "58  11101945.0    0.0    0.0       0.0"
      ]
     },
     "execution_count": 8,
     "metadata": {},
     "output_type": "execute_result"
    }
   ],
   "source": [
    "data = pd.concat([susceptible_curve, infectuous_curve, recovered_curve, vacunados_curve], axis=1)[:59]\n",
    "data"
   ]
  },
  {
   "cell_type": "code",
   "execution_count": 9,
   "id": "7d7850f1",
   "metadata": {},
   "outputs": [],
   "source": [
    "data_numpy = np.array(data)/max_habs"
   ]
  },
  {
   "cell_type": "code",
   "execution_count": 10,
   "id": "8c6a7272",
   "metadata": {},
   "outputs": [
    {
     "data": {
      "text/plain": [
       "array([[9.95702645e-01, 0.00000000e+00, 0.00000000e+00, 4.29735510e-03],\n",
       "       [9.76798030e-01, 0.00000000e+00, 0.00000000e+00, 2.32019705e-02],\n",
       "       [9.29933539e-01, 0.00000000e+00, 0.00000000e+00, 7.00664613e-02],\n",
       "       [9.95300283e-01, 0.00000000e+00, 0.00000000e+00, 4.69971703e-03],\n",
       "       [9.94059239e-01, 1.08089168e-06, 0.00000000e+00, 5.93967994e-03],\n",
       "       [9.95935847e-01, 0.00000000e+00, 1.08089168e-06, 4.06307183e-03],\n",
       "       [9.95987730e-01, 0.00000000e+00, 0.00000000e+00, 4.01226992e-03],\n",
       "       [9.94723627e-01, 3.60297227e-07, 0.00000000e+00, 5.27601245e-03],\n",
       "       [9.93103911e-01, 9.00743068e-08, 3.60297227e-07, 6.89563856e-03],\n",
       "       [9.93768209e-01, 1.80148614e-07, 9.00743068e-08, 6.23152069e-03],\n",
       "       [9.95014477e-01, 0.00000000e+00, 1.80148614e-07, 4.98534266e-03],\n",
       "       [9.95726695e-01, 0.00000000e+00, 0.00000000e+00, 4.27330526e-03],\n",
       "       [9.95378107e-01, 0.00000000e+00, 0.00000000e+00, 4.62189283e-03],\n",
       "       [9.94142288e-01, 0.00000000e+00, 0.00000000e+00, 5.85771232e-03],\n",
       "       [9.94040864e-01, 0.00000000e+00, 0.00000000e+00, 5.95913599e-03],\n",
       "       [9.94691471e-01, 1.12592883e-05, 0.00000000e+00, 5.29726998e-03],\n",
       "       [9.94588516e-01, 1.12592883e-05, 1.12592883e-05, 5.38896563e-03],\n",
       "       [9.95802537e-01, 0.00000000e+00, 1.12592883e-05, 4.18620341e-03],\n",
       "       [9.95379008e-01, 0.00000000e+00, 0.00000000e+00, 4.62099209e-03],\n",
       "       [9.95239663e-01, 0.00000000e+00, 0.00000000e+00, 4.76033704e-03],\n",
       "       [9.93394941e-01, 2.34193198e-06, 0.00000000e+00, 6.60271691e-03],\n",
       "       [9.87033713e-01, 2.07170906e-06, 2.34193198e-06, 1.29618729e-02],\n",
       "       [9.91116151e-01, 3.33274935e-06, 2.07170906e-06, 8.87844427e-03],\n",
       "       [9.92774149e-01, 2.79230351e-06, 3.33274935e-06, 7.21972591e-03],\n",
       "       [9.98694103e-01, 4.23349242e-06, 2.79230351e-06, 1.29887150e-03],\n",
       "       [9.98881998e-01, 1.98163475e-06, 4.23349242e-06, 1.11178717e-03],\n",
       "       [9.98904066e-01, 6.30520148e-07, 1.98163475e-06, 1.09332194e-03],\n",
       "       [9.98862902e-01, 0.00000000e+00, 6.30520148e-07, 1.13646753e-03],\n",
       "       [9.98874161e-01, 9.00743068e-08, 0.00000000e+00, 1.12574869e-03],\n",
       "       [9.98946851e-01, 0.00000000e+00, 9.00743068e-08, 1.05305872e-03],\n",
       "       [9.99104391e-01, 0.00000000e+00, 0.00000000e+00, 8.95608833e-04],\n",
       "       [9.99486847e-01, 0.00000000e+00, 0.00000000e+00, 5.13153326e-04],\n",
       "       [9.99961989e-01, 0.00000000e+00, 0.00000000e+00, 3.80113575e-05],\n",
       "       [9.99999189e-01, 0.00000000e+00, 0.00000000e+00, 8.10668761e-07],\n",
       "       [9.99999279e-01, 0.00000000e+00, 0.00000000e+00, 7.20594454e-07],\n",
       "       [9.99999550e-01, 0.00000000e+00, 0.00000000e+00, 4.50371534e-07],\n",
       "       [9.99999820e-01, 0.00000000e+00, 0.00000000e+00, 1.80148614e-07],\n",
       "       [9.99999550e-01, 0.00000000e+00, 0.00000000e+00, 4.50371534e-07],\n",
       "       [9.99999820e-01, 0.00000000e+00, 0.00000000e+00, 1.80148614e-07],\n",
       "       [9.99999279e-01, 0.00000000e+00, 0.00000000e+00, 7.20594454e-07],\n",
       "       [9.99999910e-01, 0.00000000e+00, 0.00000000e+00, 9.00743068e-08],\n",
       "       [9.99999640e-01, 0.00000000e+00, 0.00000000e+00, 3.60297227e-07],\n",
       "       [9.99999910e-01, 0.00000000e+00, 0.00000000e+00, 9.00743068e-08],\n",
       "       [9.99999460e-01, 0.00000000e+00, 0.00000000e+00, 5.40445841e-07],\n",
       "       [9.95401346e-01, 0.00000000e+00, 0.00000000e+00, 4.59865366e-03],\n",
       "       [9.94791814e-01, 0.00000000e+00, 0.00000000e+00, 5.20818649e-03],\n",
       "       [9.93075808e-01, 0.00000000e+00, 0.00000000e+00, 6.92419211e-03],\n",
       "       [9.96042856e-01, 0.00000000e+00, 0.00000000e+00, 3.95714445e-03],\n",
       "       [9.95899367e-01, 9.00743068e-08, 0.00000000e+00, 4.10054274e-03],\n",
       "       [9.92188216e-01, 0.00000000e+00, 9.00743068e-08, 7.81169426e-03],\n",
       "       [9.92783517e-01, 9.00743068e-08, 0.00000000e+00, 7.21639316e-03],\n",
       "       [9.93007892e-01, 0.00000000e+00, 9.00743068e-08, 6.99201807e-03],\n",
       "       [9.93484385e-01, 0.00000000e+00, 0.00000000e+00, 6.51561506e-03],\n",
       "       [9.93732720e-01, 0.00000000e+00, 0.00000000e+00, 6.26728019e-03],\n",
       "       [1.00000000e+00, 0.00000000e+00, 0.00000000e+00, 0.00000000e+00],\n",
       "       [1.00000000e+00, 0.00000000e+00, 0.00000000e+00, 0.00000000e+00],\n",
       "       [1.00000000e+00, 0.00000000e+00, 0.00000000e+00, 0.00000000e+00],\n",
       "       [1.00000000e+00, 0.00000000e+00, 0.00000000e+00, 0.00000000e+00],\n",
       "       [1.00000000e+00, 0.00000000e+00, 0.00000000e+00, 0.00000000e+00]])"
      ]
     },
     "execution_count": 10,
     "metadata": {},
     "output_type": "execute_result"
    }
   ],
   "source": [
    "data_numpy"
   ]
  },
  {
   "cell_type": "code",
   "execution_count": 11,
   "id": "dd08e581",
   "metadata": {},
   "outputs": [],
   "source": [
    "import torch\n",
    "import torch.nn as nn\n",
    "import torch.nn.functional as F\n"
   ]
  },
  {
   "cell_type": "code",
   "execution_count": 12,
   "id": "780383ea",
   "metadata": {},
   "outputs": [],
   "source": [
    "class SIRV(nn.Module):\n",
    "    def __init__(self):\n",
    "        super(SIRV, self).__init__()\n",
    "        self.lambda1 = nn.Linear(1,1, bias = False) # tasa de contacto efectivo\n",
    "        self.lambda2 = nn.Linear(1,1, bias = False) # tasa de immunizacion\n",
    "        self.lambda3 = nn.Linear(1,1, bias = False) # tasa de recuperacion\n",
    "    \n",
    "    def forward(self, x, n):\n",
    "        ns = torch.zeros([n, 4],dtype=torch.float, requires_grad = False)\n",
    "        ns[0] = x.view(1, 4).clone()\n",
    "        for i in range(1,n):\n",
    "            a = ns[i-1].clone()\n",
    "            ns[i][0] = a[0].view(1,1) - self.lambda1(a[0]*a[1].view(1,1)) - self.lambda2(a[0].view(1,1))\n",
    "            ns[i][1] = a[1].view(1,1) + self.lambda1(a[0]*a[1].view(1,1)) - self.lambda3(a[1].view(1,1))  - self.lambda2(a[1].view(1,1))\n",
    "            ns[i][2] = a[2].view(1,1) + self.lambda3(a[1].view(1,1))\n",
    "            ns[i][3] = a[3].view(1,1) + self.lambda2(a[1].view(1,1))\n",
    "        return ns[1:].reshape(-1,4)\n"
   ]
  },
  {
   "cell_type": "code",
   "execution_count": 14,
   "id": "e50c1d31",
   "metadata": {
    "scrolled": false
   },
   "outputs": [
    {
     "name": "stdout",
     "output_type": "stream",
     "text": [
      "loss: 1.0369289157097228e-05\n",
      "loss: 1.1069986038947377e-09\n",
      "loss: 1.106969627073795e-09\n",
      "loss: 1.1069155592124957e-09\n",
      "loss: 1.1068499450317404e-09\n",
      "loss: 1.1067732286207388e-09\n",
      "loss: 1.1066858540687008e-09\n",
      "loss: 1.1065882654648362e-09\n",
      "loss: 1.1064799076976328e-09\n",
      "loss: 1.106361113833998e-09\n"
     ]
    }
   ],
   "source": [
    "y = torch.from_numpy(data_numpy.astype(np.float32))/10000\n",
    "#downscaled by 10000 to avoid gradient explosion\n",
    "sir = SIRV()\n",
    "opt = torch.optim.Adam(sir.parameters(), lr=0.05)\n",
    "loss_func = nn.SmoothL1Loss()\n",
    "best = 10000\n",
    "with torch.autograd.set_detect_anomaly(True):\n",
    "    for epoch in range(1000):\n",
    "        out = sir(y[0], len(y))\n",
    "        out = out.squeeze()\n",
    "        loss = loss_func(out, y[1:])\n",
    "        loss.backward()\n",
    "        opt.step() \n",
    "        opt.zero_grad()\n",
    "        if loss.item() < best:\n",
    "            best = loss.item()\n",
    "            torch.save(sir, 'sir.pkl')\n",
    "        if epoch%100 == 0:        \n",
    "            print('loss: {}'.format(loss.item()))\n",
    "\n"
   ]
  },
  {
   "cell_type": "code",
   "execution_count": 25,
   "id": "80055f6d",
   "metadata": {},
   "outputs": [],
   "source": [
    "import matplotlib.pyplot as plt\n",
    "%matplotlib inline\n",
    "DOWNSAMPLE = 10000\n",
    "model = torch.load('sir.pkl')\n",
    "window = 10\n",
    "y = torch.from_numpy(data_numpy.astype(np.float32))/DOWNSAMPLE\n",
    "h = y[0]\n",
    "res = model(h,85)\n"
   ]
  },
  {
   "cell_type": "code",
   "execution_count": 26,
   "id": "1c761f31",
   "metadata": {},
   "outputs": [
    {
     "data": {
      "text/plain": [
       "tensor([[9.6762e-05, 0.0000e+00, 0.0000e+00, 4.2974e-07],\n",
       "        [9.4033e-05, 0.0000e+00, 0.0000e+00, 4.2974e-07],\n",
       "        [9.1380e-05, 0.0000e+00, 0.0000e+00, 4.2974e-07],\n",
       "        [8.8803e-05, 0.0000e+00, 0.0000e+00, 4.2974e-07],\n",
       "        [8.6298e-05, 0.0000e+00, 0.0000e+00, 4.2974e-07],\n",
       "        [8.3864e-05, 0.0000e+00, 0.0000e+00, 4.2974e-07],\n",
       "        [8.1499e-05, 0.0000e+00, 0.0000e+00, 4.2974e-07],\n",
       "        [7.9200e-05, 0.0000e+00, 0.0000e+00, 4.2974e-07],\n",
       "        [7.6966e-05, 0.0000e+00, 0.0000e+00, 4.2974e-07],\n",
       "        [7.4795e-05, 0.0000e+00, 0.0000e+00, 4.2974e-07],\n",
       "        [7.2686e-05, 0.0000e+00, 0.0000e+00, 4.2974e-07],\n",
       "        [7.0635e-05, 0.0000e+00, 0.0000e+00, 4.2974e-07],\n",
       "        [6.8643e-05, 0.0000e+00, 0.0000e+00, 4.2974e-07],\n",
       "        [6.6707e-05, 0.0000e+00, 0.0000e+00, 4.2974e-07],\n",
       "        [6.4825e-05, 0.0000e+00, 0.0000e+00, 4.2974e-07],\n",
       "        [6.2997e-05, 0.0000e+00, 0.0000e+00, 4.2974e-07],\n",
       "        [6.1220e-05, 0.0000e+00, 0.0000e+00, 4.2974e-07],\n",
       "        [5.9493e-05, 0.0000e+00, 0.0000e+00, 4.2974e-07],\n",
       "        [5.7815e-05, 0.0000e+00, 0.0000e+00, 4.2974e-07],\n",
       "        [5.6185e-05, 0.0000e+00, 0.0000e+00, 4.2974e-07],\n",
       "        [5.4600e-05, 0.0000e+00, 0.0000e+00, 4.2974e-07],\n",
       "        [5.3060e-05, 0.0000e+00, 0.0000e+00, 4.2974e-07],\n",
       "        [5.1563e-05, 0.0000e+00, 0.0000e+00, 4.2974e-07],\n",
       "        [5.0109e-05, 0.0000e+00, 0.0000e+00, 4.2974e-07],\n",
       "        [4.8696e-05, 0.0000e+00, 0.0000e+00, 4.2974e-07],\n",
       "        [4.7322e-05, 0.0000e+00, 0.0000e+00, 4.2974e-07],\n",
       "        [4.5987e-05, 0.0000e+00, 0.0000e+00, 4.2974e-07],\n",
       "        [4.4690e-05, 0.0000e+00, 0.0000e+00, 4.2974e-07],\n",
       "        [4.3430e-05, 0.0000e+00, 0.0000e+00, 4.2974e-07],\n",
       "        [4.2205e-05, 0.0000e+00, 0.0000e+00, 4.2974e-07],\n",
       "        [4.1014e-05, 0.0000e+00, 0.0000e+00, 4.2974e-07],\n",
       "        [3.9858e-05, 0.0000e+00, 0.0000e+00, 4.2974e-07],\n",
       "        [3.8733e-05, 0.0000e+00, 0.0000e+00, 4.2974e-07],\n",
       "        [3.7641e-05, 0.0000e+00, 0.0000e+00, 4.2974e-07],\n",
       "        [3.6579e-05, 0.0000e+00, 0.0000e+00, 4.2974e-07],\n",
       "        [3.5547e-05, 0.0000e+00, 0.0000e+00, 4.2974e-07],\n",
       "        [3.4545e-05, 0.0000e+00, 0.0000e+00, 4.2974e-07],\n",
       "        [3.3570e-05, 0.0000e+00, 0.0000e+00, 4.2974e-07],\n",
       "        [3.2624e-05, 0.0000e+00, 0.0000e+00, 4.2974e-07],\n",
       "        [3.1703e-05, 0.0000e+00, 0.0000e+00, 4.2974e-07],\n",
       "        [3.0809e-05, 0.0000e+00, 0.0000e+00, 4.2974e-07],\n",
       "        [2.9940e-05, 0.0000e+00, 0.0000e+00, 4.2974e-07],\n",
       "        [2.9096e-05, 0.0000e+00, 0.0000e+00, 4.2974e-07],\n",
       "        [2.8275e-05, 0.0000e+00, 0.0000e+00, 4.2974e-07],\n",
       "        [2.7478e-05, 0.0000e+00, 0.0000e+00, 4.2974e-07],\n",
       "        [2.6703e-05, 0.0000e+00, 0.0000e+00, 4.2974e-07],\n",
       "        [2.5949e-05, 0.0000e+00, 0.0000e+00, 4.2974e-07],\n",
       "        [2.5217e-05, 0.0000e+00, 0.0000e+00, 4.2974e-07],\n",
       "        [2.4506e-05, 0.0000e+00, 0.0000e+00, 4.2974e-07],\n",
       "        [2.3815e-05, 0.0000e+00, 0.0000e+00, 4.2974e-07],\n",
       "        [2.3143e-05, 0.0000e+00, 0.0000e+00, 4.2974e-07],\n",
       "        [2.2490e-05, 0.0000e+00, 0.0000e+00, 4.2974e-07],\n",
       "        [2.1856e-05, 0.0000e+00, 0.0000e+00, 4.2974e-07],\n",
       "        [2.1240e-05, 0.0000e+00, 0.0000e+00, 4.2974e-07],\n",
       "        [2.0641e-05, 0.0000e+00, 0.0000e+00, 4.2974e-07],\n",
       "        [2.0058e-05, 0.0000e+00, 0.0000e+00, 4.2974e-07],\n",
       "        [1.9493e-05, 0.0000e+00, 0.0000e+00, 4.2974e-07],\n",
       "        [1.8943e-05, 0.0000e+00, 0.0000e+00, 4.2974e-07],\n",
       "        [1.8409e-05, 0.0000e+00, 0.0000e+00, 4.2974e-07],\n",
       "        [1.7889e-05, 0.0000e+00, 0.0000e+00, 4.2974e-07],\n",
       "        [1.7385e-05, 0.0000e+00, 0.0000e+00, 4.2974e-07],\n",
       "        [1.6894e-05, 0.0000e+00, 0.0000e+00, 4.2974e-07],\n",
       "        [1.6418e-05, 0.0000e+00, 0.0000e+00, 4.2974e-07],\n",
       "        [1.5955e-05, 0.0000e+00, 0.0000e+00, 4.2974e-07],\n",
       "        [1.5505e-05, 0.0000e+00, 0.0000e+00, 4.2974e-07],\n",
       "        [1.5067e-05, 0.0000e+00, 0.0000e+00, 4.2974e-07],\n",
       "        [1.4643e-05, 0.0000e+00, 0.0000e+00, 4.2974e-07],\n",
       "        [1.4230e-05, 0.0000e+00, 0.0000e+00, 4.2974e-07],\n",
       "        [1.3828e-05, 0.0000e+00, 0.0000e+00, 4.2974e-07],\n",
       "        [1.3438e-05, 0.0000e+00, 0.0000e+00, 4.2974e-07],\n",
       "        [1.3059e-05, 0.0000e+00, 0.0000e+00, 4.2974e-07],\n",
       "        [1.2691e-05, 0.0000e+00, 0.0000e+00, 4.2974e-07],\n",
       "        [1.2333e-05, 0.0000e+00, 0.0000e+00, 4.2974e-07],\n",
       "        [1.1985e-05, 0.0000e+00, 0.0000e+00, 4.2974e-07],\n",
       "        [1.1647e-05, 0.0000e+00, 0.0000e+00, 4.2974e-07],\n",
       "        [1.1318e-05, 0.0000e+00, 0.0000e+00, 4.2974e-07],\n",
       "        [1.0999e-05, 0.0000e+00, 0.0000e+00, 4.2974e-07],\n",
       "        [1.0689e-05, 0.0000e+00, 0.0000e+00, 4.2974e-07],\n",
       "        [1.0387e-05, 0.0000e+00, 0.0000e+00, 4.2974e-07],\n",
       "        [1.0094e-05, 0.0000e+00, 0.0000e+00, 4.2974e-07],\n",
       "        [9.8097e-06, 0.0000e+00, 0.0000e+00, 4.2974e-07],\n",
       "        [9.5330e-06, 0.0000e+00, 0.0000e+00, 4.2974e-07],\n",
       "        [9.2642e-06, 0.0000e+00, 0.0000e+00, 4.2974e-07],\n",
       "        [9.0029e-06, 0.0000e+00, 0.0000e+00, 4.2974e-07]],\n",
       "       grad_fn=<ReshapeAliasBackward0>)"
      ]
     },
     "execution_count": 26,
     "metadata": {},
     "output_type": "execute_result"
    }
   ],
   "source": [
    "res"
   ]
  },
  {
   "cell_type": "code",
   "execution_count": 28,
   "id": "414fb819",
   "metadata": {},
   "outputs": [
    {
     "data": {
      "text/plain": [
       "tensor([9.6762e-05, 9.4033e-05, 9.1380e-05, 8.8803e-05, 8.6298e-05, 8.3864e-05,\n",
       "        8.1499e-05, 7.9200e-05, 7.6966e-05, 7.4795e-05, 7.2686e-05, 7.0635e-05,\n",
       "        6.8643e-05, 6.6707e-05, 6.4825e-05, 6.2997e-05, 6.1220e-05, 5.9493e-05,\n",
       "        5.7815e-05, 5.6185e-05, 5.4600e-05, 5.3060e-05, 5.1563e-05, 5.0109e-05,\n",
       "        4.8696e-05, 4.7322e-05, 4.5987e-05, 4.4690e-05, 4.3430e-05, 4.2205e-05,\n",
       "        4.1014e-05, 3.9858e-05, 3.8733e-05, 3.7641e-05, 3.6579e-05, 3.5547e-05,\n",
       "        3.4545e-05, 3.3570e-05, 3.2624e-05, 3.1703e-05, 3.0809e-05, 2.9940e-05,\n",
       "        2.9096e-05, 2.8275e-05, 2.7478e-05, 2.6703e-05, 2.5949e-05, 2.5217e-05,\n",
       "        2.4506e-05, 2.3815e-05, 2.3143e-05, 2.2490e-05, 2.1856e-05, 2.1240e-05,\n",
       "        2.0641e-05, 2.0058e-05, 1.9493e-05, 1.8943e-05, 1.8409e-05, 1.7889e-05,\n",
       "        1.7385e-05, 1.6894e-05, 1.6418e-05, 1.5955e-05, 1.5505e-05, 1.5067e-05,\n",
       "        1.4643e-05, 1.4230e-05, 1.3828e-05, 1.3438e-05, 1.3059e-05, 1.2691e-05,\n",
       "        1.2333e-05, 1.1985e-05, 1.1647e-05, 1.1318e-05, 1.0999e-05, 1.0689e-05,\n",
       "        1.0387e-05, 1.0094e-05, 9.8097e-06, 9.5330e-06, 9.2642e-06, 9.0029e-06],\n",
       "       grad_fn=<SelectBackward0>)"
      ]
     },
     "execution_count": 28,
     "metadata": {},
     "output_type": "execute_result"
    }
   ],
   "source": [
    "res[:,0]"
   ]
  },
  {
   "cell_type": "code",
   "execution_count": 34,
   "id": "d9bf2d81",
   "metadata": {},
   "outputs": [
    {
     "name": "stderr",
     "output_type": "stream",
     "text": [
      "/var/folders/g0/jqvp4xxs5pn4cds1xb9339xm0000gn/T/ipykernel_47560/4024242392.py:6: MatplotlibDeprecationWarning: savefig() got unexpected keyword argument \"linewidth\" which is no longer supported as of 3.3 and will become an error two minor releases later\n",
      "  plt.savefig('prediction.png', format='png', linewidth = 0.01)\n"
     ]
    },
    {
     "data": {
